photo_id
MUGE_train_188327
MUGE_train_188330
MUGE_train_188334
MUGE_train_18834
MUGE_train_188341
MUGE_train_188344
MUGE_train_188349
MUGE_train_18835
MUGE_train_188354
MUGE_train_188359
MUGE_train_188369
MUGE_train_18839
MUGE_train_188428
MUGE_train_188460
MUGE_train_188465
MUGE_train_188479
