photo_id
MUGE_test_1420
MUGE_test_142001
MUGE_test_142087
MUGE_test_14212
MUGE_test_142121
MUGE_test_142167
MUGE_test_142231
MUGE_test_142247
MUGE_test_142264
MUGE_test_142295
MUGE_test_142353
MUGE_test_142428
MUGE_test_14250
MUGE_test_142540
MUGE_test_142544
MUGE_test_142573
