photo_id
MUGE_test_296538
MUGE_test_296692
MUGE_test_296725
MUGE_test_296735
MUGE_test_296769
MUGE_test_296771
MUGE_test_296822
MUGE_test_296890
MUGE_test_296909
MUGE_test_297040
MUGE_test_297060
MUGE_test_297064
MUGE_test_2971
MUGE_test_297128
MUGE_test_297139
MUGE_test_297174
