photo_id
MUGE_test_866425
MUGE_test_866445
MUGE_test_866450
MUGE_test_866460
MUGE_test_866510
MUGE_test_866588
MUGE_test_86661
MUGE_test_866648
MUGE_test_866658
MUGE_test_866676
MUGE_test_866707
MUGE_test_866709
MUGE_test_86672
MUGE_test_866742
MUGE_test_866762
MUGE_test_866790
